    2506  born  0.00000000  0.10000000
    4349  born  0.00000000  0.10000000
   10007  born  0.00000000  0.10000000
   11528  born  0.00000000  0.10000000
   13467  born  0.00000000  0.10000000
    1296  born  0.00390625  0.10000000
    2349  born  0.00390625  0.10000000
    2921  born  0.00390625  0.10000000
    4916  born  0.00390625  0.10000000
    6521  born  0.00390625  0.10000000
   12725  born  0.00390625  0.10000000
    4719  born  0.00781250  0.10000000
    5716  born  0.00781250  0.10000000
   10483  born  0.00781250  0.10000000
   15758  born  0.00781250  0.10000000
     348  born  0.01171875  0.10000000
    4060  born  0.01171875  0.10000000
    5302  born  0.01171875  0.10000000
    8103  born  0.01171875  0.10000000
    8150  born  0.01171875  0.10000000
   15121  born  0.01171875  0.10000000
   11857  born  0.01562500  0.10000000
   16146  born  0.01562500  0.10000000
    1128  born  0.01953125  0.10000000
    6439  born  0.01953125  0.10000000
   10883  born  0.01953125  0.10000000
    2636  born  0.02343750  0.10000000
    3023  born  0.02343750  0.10000000
    3630  born  0.02343750  0.10000000
    3752  born  0.02343750  0.10000000
    9823  born  0.02343750  0.10000000
   11613  born  0.02343750  0.10000000
   16353  born  0.02343750  0.10000000
     164  born  0.02734375  0.10000000
    3984  born  0.02734375  0.10000000
    5929  born  0.02734375  0.10000000
    8562  born  0.02734375  0.10000000
    9799  born  0.02734375  0.10000000
   15077  born  0.02734375  0.10000000
   15549  born  0.02734375  0.10000000
   16183  born  0.02734375  0.10000000
    1108  born  0.03125000  0.10000000
    2142  born  0.03125000  0.10000000
    2617  born  0.03125000  0.10000000
    3907  born  0.03125000  0.10000000
    5616  born  0.03125000  0.10000000
    6331  born  0.03125000  0.10000000
    7571  born  0.03125000  0.10000000
    9424  born  0.03125000  0.10000000
   15436  born  0.03125000  0.10000000
   15914  born  0.03125000  0.10000000
     176  born  0.03515625  0.10000000
     942  born  0.03515625  0.10000000
    2301  born  0.03515625  0.10000000
    7848  born  0.03515625  0.10000000
   10463  born  0.03515625  0.10000000
   10563  born  0.03515625  0.10000000
   10778  born  0.03515625  0.10000000
   10998  born  0.03515625  0.10000000
   11870  born  0.03515625  0.10000000
   14217  born  0.03515625  0.10000000
   14517  born  0.03515625  0.10000000
   15429  born  0.03515625  0.10000000
    4803  born  0.03906250  0.10000000
    9734  born  0.03906250  0.10000000
   11290  born  0.03906250  0.10000000
   11866  born  0.03906250  0.10000000
   12981  born  0.03906250  0.10000000
    3605  born  0.04296875  0.10000000
    4745  born  0.04296875  0.10000000
    9266  born  0.04296875  0.10000000
   12432  born  0.04296875  0.10000000
     303  born  0.04687500  0.10000000
    2061  born  0.04687500  0.10000000
    3055  born  0.04687500  0.10000000
    3765  born  0.04687500  0.10000000
   15131  born  0.04687500  0.10000000
     768  born  0.05078125  0.10000000
    2714  born  0.05078125  0.10000000
    4984  born  0.05078125  0.10000000
    9997  born  0.05078125  0.10000000
   10740  born  0.05078125  0.10000000
   10893  born  0.05078125  0.10000000
   12258  born  0.05078125  0.10000000
   15387  born  0.05078125  0.10000000
   15553  born  0.05078125  0.10000000
   16213  born  0.05078125  0.10000000
     753  born  0.05468750  0.10000000
    6224  born  0.05468750  0.10000000
   10969  born  0.05468750  0.10000000
    3961  born  0.05859375  0.10000000
    4687  born  0.05859375  0.10000000
    4948  born  0.05859375  0.10000000
    5937  born  0.05859375  0.10000000
    6436  born  0.05859375  0.10000000
    9648  born  0.05859375  0.10000000
   11536  born  0.05859375  0.10000000
   12608  born  0.05859375  0.10000000
    1905  born  0.06250000  0.10000000
    2891  born  0.06250000  0.10000000
    3585  born  0.06250000  0.10000000
    5691  born  0.06250000  0.10000000
    8502  born  0.06250000  0.10000000
    9965  born  0.06250000  0.10000000
   10278  born  0.06250000  0.10000000
   10310  born  0.06250000  0.10000000
   11777  born  0.06250000  0.10000000
   12322  born  0.06250000  0.10000000
   14594  born  0.06250000  0.10000000
   15331  born  0.06250000  0.10000000
    2240  born  0.06640625  0.10000000
    2622  born  0.06640625  0.10000000
    3983  born  0.06640625  0.10000000
    6447  born  0.06640625  0.10000000
   12688  born  0.06640625  0.10000000
   14097  born  0.06640625  0.10000000
   14104  born  0.06640625  0.10000000
   14868  born  0.06640625  0.10000000
    1183  born  0.07031250  0.10000000
    1852  born  0.07031250  0.10000000
    6917  born  0.07031250  0.10000000
    7708  born  0.07031250  0.10000000
    8711  born  0.07031250  0.10000000
   12639  born  0.07031250  0.10000000
   16212  born  0.07031250  0.10000000
