#          r            f            d         rho1         rho2         mass
 2.44141e-04  8.35643e-03  3.42269e+01  4.34953e+01  2.17895e+01  3.98466e-09
 2.54950e-04  8.72639e-03  3.42268e+01  4.34915e+01  2.24786e+01  4.68120e-09
 2.66237e-04  9.11273e-03  3.42266e+01  4.34875e+01  2.17580e+01  5.16003e-09
 2.78025e-04  9.51617e-03  3.42264e+01  4.34834e+01  2.15273e+01  5.81388e-09
 2.90334e-04  9.93746e-03  3.42262e+01  4.34790e+01  2.16664e+01  6.66359e-09
 3.03188e-04  1.03774e-02  3.42260e+01  4.34744e+01  2.16341e+01  7.57714e-09
 3.16611e-04  1.08368e-02  3.42258e+01  4.34697e+01  2.18627e+01  8.72000e-09
 3.30629e-04  1.13166e-02  3.42255e+01  4.34647e+01  2.19044e+01  9.94920e-09
 3.45267e-04  1.18176e-02  3.42252e+01  4.34595e+01  2.21289e+01  1.14462e-08
 3.60553e-04  1.23408e-02  3.42249e+01  4.34540e+01  2.18530e+01  1.28724e-08
 3.76516e-04  1.28871e-02  3.42246e+01  4.34484e+01  2.14705e+01  1.44025e-08
 3.93186e-04  1.34576e-02  3.42242e+01  4.34424e+01  2.20509e+01  1.68449e-08
 4.10594e-04  1.40534e-02  3.42238e+01  4.34362e+01  2.21463e+01  1.92659e-08
 4.28773e-04  1.46755e-02  3.42234e+01  4.34297e+01  2.18532e+01  2.16495e-08
 4.47756e-04  1.53252e-02  3.42229e+01  4.34229e+01  2.18609e+01  2.46632e-08
 4.67580e-04  1.60036e-02  3.42223e+01  4.34158e+01  2.15311e+01  2.76628e-08
 4.88281e-04  1.67121e-02  3.42217e+01  4.34084e+01  2.17862e+01  3.18757e-08
 5.09899e-04  1.74519e-02  3.42210e+01  4.34006e+01  2.16945e+01  3.61474e-08
 5.32474e-04  1.82244e-02  3.42203e+01  4.33925e+01  2.17541e+01  4.12778e-08
 5.56049e-04  1.90311e-02  3.42195e+01  4.33840e+01  2.16542e+01  4.67917e-08
 5.80668e-04  1.98735e-02  3.42186e+01  4.33751e+01  2.16616e+01  5.33050e-08
 6.06376e-04  2.07532e-02  3.42177e+01  4.33658e+01  2.17392e+01  6.09217e-08
 6.33222e-04  2.16718e-02  3.42166e+01  4.33560e+01  2.16545e+01  6.91082e-08
 6.61258e-04  2.26311e-02  3.42154e+01  4.33459e+01  2.17123e+01  7.89117e-08
 6.90534e-04  2.36328e-02  3.42142e+01  4.33352e+01  2.16963e+01  8.97998e-08
 7.21107e-04  2.46788e-02  3.42127e+01  4.33240e+01  2.16892e+01  1.02232e-07
 7.53033e-04  2.57710e-02  3.42112e+01  4.33124e+01  2.16767e+01  1.16358e-07
 7.86372e-04  2.69116e-02  3.42095e+01  4.33001e+01  2.16478e+01  1.32335e-07
 8.21188e-04  2.81026e-02  3.42076e+01  4.32873e+01  2.17148e+01  1.51173e-07
 8.57545e-04  2.93462e-02  3.42056e+01  4.32739e+01  2.16763e+01  1.71856e-07
 8.95512e-04  3.06449e-02  3.42033e+01  4.32599e+01  2.16461e+01  1.95444e-07
 9.35159e-04  3.20009e-02  3.42008e+01  4.32452e+01  2.17495e+01  2.23643e-07
 9.76562e-04  3.34169e-02  3.41981e+01  4.32298e+01  2.16436e+01  2.53457e-07
 1.01980e-03  3.48954e-02  3.41951e+01  4.32136e+01  2.16001e+01  2.88070e-07
 1.06495e-03  3.64392e-02  3.41918e+01  4.31967e+01  2.16287e+01  3.28507e-07
 1.11210e-03  3.80513e-02  3.41882e+01  4.31790e+01  2.16016e+01  3.73659e-07
 1.16134e-03  3.97345e-02  3.41842e+01  4.31604e+01  2.16098e+01  4.25713e-07
 1.21275e-03  4.14920e-02  3.41799e+01  4.31409e+01  2.16600e+01  4.85968e-07
 1.26644e-03  4.33271e-02  3.41751e+01  4.31205e+01  2.15777e+01  5.51363e-07
 1.32252e-03  4.52432e-02  3.41698e+01  4.30991e+01  2.16139e+01  6.29006e-07
 1.38107e-03  4.72438e-02  3.41640e+01  4.30766e+01  2.16008e+01  7.15955e-07
 1.44221e-03  4.93325e-02  3.41576e+01  4.30530e+01  2.15959e+01  8.15239e-07
 1.50607e-03  5.15134e-02  3.41507e+01  4.30282e+01  2.15848e+01  9.28039e-07
 1.57274e-03  5.37902e-02  3.41430e+01  4.30022e+01  2.15566e+01  1.05562e-06
 1.64238e-03  5.61674e-02  3.41345e+01  4.29750e+01  2.15333e+01  1.20104e-06
 1.71509e-03  5.86491e-02  3.41253e+01  4.29463e+01  2.15154e+01  1.36684e-06
 1.79102e-03  6.12400e-02  3.41151e+01  4.29162e+01  2.15020e+01  1.55589e-06
 1.87032e-03  6.39447e-02  3.41039e+01  4.28846e+01  2.14913e+01  1.77135e-06
 1.95312e-03  6.67682e-02  3.40916e+01  4.28513e+01  2.14808e+01  2.01671e-06
 2.03960e-03  6.97156e-02  3.40781e+01  4.28163e+01  2.14582e+01  2.29481e-06
 2.12990e-03  7.27922e-02  3.40633e+01  4.27796e+01  2.14405e+01  2.61193e-06
 2.22420e-03  7.60036e-02  3.40470e+01  4.27409e+01  2.14226e+01  2.97292e-06
 2.32267e-03  7.93554e-02  3.40291e+01  4.27002e+01  2.13920e+01  3.38192e-06
 2.42550e-03  8.28538e-02  3.40095e+01  4.26573e+01  2.13670e+01  3.84830e-06
 2.53289e-03  8.65048e-02  3.39879e+01  4.26122e+01  2.13527e+01  4.38138e-06
 2.64503e-03  9.03149e-02  3.39643e+01  4.25646e+01  2.13170e+01  4.98349e-06
 2.76214e-03  9.42908e-02  3.39383e+01  4.25146e+01  2.12893e+01  5.67075e-06
 2.88443e-03  9.84394e-02  3.39098e+01  4.24618e+01  2.12555e+01  6.45126e-06
 3.01213e-03  1.02768e-01  3.38786e+01  4.24061e+01  2.12224e+01  7.33981e-06
 3.14549e-03  1.07284e-01  3.38442e+01  4.23474e+01  2.11896e+01  8.35135e-06
 3.28475e-03  1.11994e-01  3.38066e+01  4.22854e+01  2.11481e+01  9.49906e-06
 3.43018e-03  1.16908e-01  3.37653e+01  4.22200e+01  2.11081e+01  1.08060e-05
 3.58205e-03  1.22032e-01  3.37200e+01  4.21510e+01  2.10629e+01  1.22907e-05
 3.74064e-03  1.27376e-01  3.36704e+01  4.20780e+01  2.10126e+01  1.39772e-05
 3.90625e-03  1.32948e-01  3.36159e+01  4.20009e+01  2.09617e+01  1.58961e-05
 4.07919e-03  1.38756e-01  3.35563e+01  4.19194e+01  2.09024e+01  1.80731e-05
 4.25980e-03  1.44811e-01  3.34909e+01  4.18333e+01  2.08439e+01  2.05513e-05
 4.44839e-03  1.51120e-01  3.34194e+01  4.17421e+01  2.07754e+01  2.33609e-05
 4.64534e-03  1.57694e-01  3.33410e+01  4.16456e+01  2.07085e+01  2.65601e-05
 4.85101e-03  1.64543e-01  3.32552e+01  4.15435e+01  2.06300e+01  3.01851e-05
 5.06578e-03  1.71675e-01  3.31614e+01  4.14353e+01  2.05485e+01  3.43049e-05
 5.29006e-03  1.79101e-01  3.30588e+01  4.13208e+01  2.04615e+01  3.89834e-05
 5.52427e-03  1.86831e-01  3.29467e+01  4.11994e+01  2.03664e+01  4.42906e-05
 5.76885e-03  1.94874e-01  3.28241e+01  4.10707e+01  2.02651e+01  5.03150e-05
 6.02426e-03  2.03241e-01  3.26904e+01  4.09342e+01  2.01555e+01  5.71482e-05
 6.29098e-03  2.11941e-01  3.25444e+01  4.07896e+01  2.00364e+01  6.48939e-05
 6.56950e-03  2.20983e-01  3.23853e+01  4.06361e+01  1.99084e+01  7.36754e-05
 6.86036e-03  2.30377e-01  3.22118e+01  4.04732e+01  1.97709e+01  8.36287e-05
 7.16409e-03  2.40133e-01  3.20231e+01  4.03004e+01  1.96241e+01  9.49097e-05
 7.48128e-03  2.50258e-01  3.18177e+01  4.01171e+01  1.94655e+01  1.07682e-04
 7.81250e-03  2.60760e-01  3.15946e+01  3.99224e+01  1.92949e+01  1.22141e-04
 8.15839e-03  2.71646e-01  3.13524e+01  3.97159e+01  1.91124e+01  1.38505e-04
 8.51959e-03  2.82924e-01  3.10898e+01  3.94967e+01  1.89158e+01  1.57008e-04
 8.89679e-03  2.94597e-01  3.08055e+01  3.92641e+01  1.87055e+01  1.77929e-04
 9.29068e-03  3.06671e-01  3.04980e+01  3.90172e+01  1.84797e+01  2.01558e-04
 9.70201e-03  3.19148e-01  3.01660e+01  3.87554e+01  1.82394e+01  2.28254e-04
 1.01316e-02  3.32029e-01  2.98081e+01  3.84778e+01  1.79816e+01  2.58365e-04
 1.05801e-02  3.45314e-01  2.94229e+01  3.81834e+01  1.77068e+01  2.92321e-04
 1.10485e-02  3.59000e-01  2.90092e+01  3.78716e+01  1.74148e+01  3.30595e-04
 1.15377e-02  3.73082e-01  2.85657e+01  3.75413e+01  1.71044e+01  3.73694e-04
 1.20485e-02  3.87553e-01  2.80913e+01  3.71918e+01  1.67745e+01  4.22170e-04
 1.25820e-02  4.02404e-01  2.75850e+01  3.68222e+01  1.64260e+01  4.76680e-04
 1.31390e-02  4.17620e-01  2.70461e+01  3.64317e+01  1.60576e+01  5.37887e-04
 1.37207e-02  4.33187e-01  2.64740e+01  3.60196e+01  1.56699e+01  6.06576e-04
 1.43282e-02  4.49086e-01  2.58684e+01  3.55850e+01  1.52624e+01  6.83558e-04
 1.49626e-02  4.65294e-01  2.52293e+01  3.51274e+01  1.48355e+01  7.69741e-04
 1.56250e-02  4.81784e-01  2.45570e+01  3.46462e+01  1.43898e+01  8.66128e-04
 1.63168e-02  4.98528e-01  2.38523e+01  3.41409e+01  1.39260e+01  9.73785e-04
 1.70392e-02  5.15494e-01  2.31163e+01  3.36112e+01  1.34449e+01  1.09388e-03
 1.77936e-02  5.32643e-01  2.23505e+01  3.30569e+01  1.29479e+01  1.22767e-03
 1.85814e-02  5.49938e-01  2.15570e+01  3.24779e+01  1.24365e+01  1.37654e-03
 1.94040e-02  5.67334e-01  2.07383e+01  3.18743e+01  1.19125e+01  1.54192e-03
 2.02631e-02  5.84788e-01  1.98972e+01  3.12465e+01  1.13777e+01  1.72538e-03
 2.11602e-02  6.02251e-01  1.90371e+01  3.05949e+01  1.08347e+01  1.92860e-03
 2.20971e-02  6.19674e-01  1.81619e+01  2.99202e+01  1.02858e+01  2.15338e-03
 2.30754e-02  6.37006e-01  1.72755e+01  2.92235e+01  9.73367e+00  2.40159e-03
 2.40970e-02  6.54196e-01  1.63825e+01  2.85058e+01  9.18117e+00  2.67525e-03
 2.51639e-02  6.71193e-01  1.54873e+01  2.77684e+01  8.63100e+00  2.97645e-03
 2.62780e-02  6.87946e-01  1.45948e+01  2.70130e+01  8.08631e+00  3.30752e-03
 2.74414e-02  7.04407e-01  1.37096e+01  2.62413e+01  7.54971e+00  3.67072e-03
 2.86564e-02  7.20528e-01  1.28366e+01  2.54552e+01  7.02416e+00  4.06864e-03
 2.99251e-02  7.36264e-01  1.19801e+01  2.46569e+01  6.51217e+00  4.50381e-03
 3.12500e-02  7.51577e-01  1.11446e+01  2.38484e+01  6.01621e+00  4.97901e-03
 3.26336e-02  7.66428e-01  1.03338e+01  2.30323e+01  5.53840e+00  5.49711e-03
 3.40784e-02  7.80785e-01  9.55138e+00  2.22107e+01  5.08066e+00  6.06112e-03
 3.55872e-02  7.94622e-01  8.80033e+00  2.13863e+01  4.64451e+00  6.67418e-03
 3.71627e-02  8.07913e-01  8.08321e+00  2.05613e+01  4.23123e+00  7.33960e-03
 3.88081e-02  8.20644e-01  7.40201e+00  1.97383e+01  3.84167e+00  8.06080e-03
 4.05262e-02  8.32799e-01  6.75820e+00  1.89196e+01  3.47639e+00  8.84138e-03
 4.23205e-02  8.44372e-01  6.15270e+00  1.81074e+01  3.13563e+00  9.68509e-03
 4.41942e-02  8.55359e-01  5.58593e+00  1.73040e+01  2.81931e+00  1.05958e-02
 4.61508e-02  8.65762e-01  5.05784e+00  1.65114e+01  2.52708e+00  1.15777e-02
 4.81941e-02  8.75586e-01  4.56797e+00  1.57316e+01  2.25838e+00  1.26349e-02
 5.03278e-02  8.84840e-01  4.11546e+00  1.49662e+01  2.01241e+00  1.37718e-02
 5.25560e-02  8.93537e-01  3.69914e+00  1.42168e+01  1.78822e+00  1.49929e-02
 5.48829e-02  9.01690e-01  3.31758e+00  1.34849e+01  1.58471e+00  1.63030e-02
 5.73128e-02  9.09319e-01  2.96915e+00  1.27717e+01  1.40071e+00  1.77070e-02
 5.98502e-02  9.16441e-01  2.65206e+00  1.20784e+01  1.23498e+00  1.92097e-02
 6.25000e-02  9.23079e-01  2.36442e+00  1.14057e+01  1.08623e+00  2.08163e-02
 6.52671e-02  9.29253e-01  2.10430e+00  1.07545e+01  9.53182e-01  2.25321e-02
 6.81567e-02  9.34986e-01  1.86973e+00  1.01253e+01  8.34567e-01  2.43621e-02
 7.11743e-02  9.40302e-01  1.65876e+00  9.51851e+00  7.29143e-01  2.63120e-02
 7.43255e-02  9.45223e-01  1.46950e+00  8.93457e+00  6.35720e-01  2.83868e-02
 7.76161e-02  9.49772e-01  1.30010e+00  8.37359e+00  5.53163e-01  3.05922e-02
 8.10525e-02  9.53973e-01  1.14881e+00  7.83565e+00  4.80400e-01  3.29332e-02
 8.46410e-02  9.57847e-01  1.01396e+00  7.32071e+00  4.16430e-01  3.54151e-02
 8.83883e-02  9.61416e-01  8.93991e-01  6.82864e+00  3.60327e-01  3.80430e-02
 9.23017e-02  9.64701e-01  7.87443e-01  6.35923e+00  3.11235e-01  4.08217e-02
 9.63882e-02  9.67720e-01  6.92966e-01  5.91220e+00  2.68373e-01  4.37557e-02
 1.00656e-01  9.70494e-01  6.09314e-01  5.48721e+00  2.31028e-01  4.68493e-02
 1.05112e-01  9.73040e-01  5.35348e-01  5.08384e+00  1.98555e-01  5.01061e-02
 1.09766e-01  9.75375e-01  4.70027e-01  4.70164e+00  1.70373e-01  5.35296e-02
 1.14626e-01  9.77515e-01  4.12407e-01  4.34013e+00  1.45961e-01  5.71224e-02
 1.19700e-01  9.79476e-01  3.61634e-01  3.99877e+00  1.24852e-01  6.08864e-02
 1.25000e-01  9.81270e-01  3.16938e-01  3.67701e+00  1.06631e-01  6.48230e-02
 1.30534e-01  9.82913e-01  2.77626e-01  3.37426e+00  9.09307e-02  6.89325e-02
 1.36313e-01  9.84414e-01  2.43078e-01  3.08993e+00  7.74241e-02  7.32142e-02
 1.42349e-01  9.85787e-01  2.12739e-01  2.82339e+00  6.58236e-02  7.76667e-02
 1.48651e-01  9.87042e-01  1.86114e-01  2.57402e+00  5.58765e-02  8.22868e-02
 1.55232e-01  9.88187e-01  1.62764e-01  2.34118e+00  4.73606e-02  8.70706e-02
 1.62105e-01  9.89234e-01  1.42297e-01  2.12423e+00  4.00815e-02  9.20127e-02
 1.69282e-01  9.90189e-01  1.24367e-01  1.92252e+00  3.38692e-02  9.71063e-02
 1.76777e-01  9.91060e-01  1.08667e-01  1.73540e+00  2.85756e-02  1.02343e-01
 1.84603e-01  9.91855e-01  9.49253e-02  1.56222e+00  2.40720e-02  1.07713e-01
 1.92776e-01  9.92581e-01  8.29026e-02  1.40232e+00  2.02464e-02  1.13204e-01
 2.01311e-01  9.93242e-01  7.23877e-02  1.25508e+00  1.70019e-02  1.18804e-01
 2.10224e-01  9.93845e-01  6.31946e-02  1.11983e+00  1.42545e-02  1.24499e-01
 2.19531e-01  9.94395e-01  5.51595e-02  9.95959e-01  1.19318e-02  1.30271e-01
 2.29251e-01  9.94896e-01  4.81385e-02  8.82829e-01  9.97126e-03  1.36103e-01
 2.39401e-01  9.95352e-01  4.20052e-02  7.79826e-01  8.31918e-03  1.41976e-01
 2.50000e-01  9.95768e-01  3.66486e-02  6.86340e-01  6.92930e-03  1.47870e-01
 2.61068e-01  9.96147e-01  3.19712e-02  6.01776e-01  5.76195e-03  1.53763e-01
 2.72627e-01  9.96492e-01  2.78878e-02  5.25548e-01  4.78316e-03  1.59633e-01
 2.84697e-01  9.96807e-01  2.43235e-02  4.57086e-01  3.96388e-03  1.65456e-01
 2.97302e-01  9.97093e-01  2.12129e-02  3.95837e-01  3.27932e-03  1.71208e-01
 3.10464e-01  9.97354e-01  1.84986e-02  3.41258e-01  2.70833e-03  1.76867e-01
 3.24210e-01  9.97591e-01  1.61304e-02  2.92830e-01  2.23292e-03  1.82408e-01
 3.38564e-01  9.97808e-01  1.40644e-02  2.50049e-01  1.83779e-03  1.87807e-01
 3.53553e-01  9.98005e-01  1.22623e-02  2.12431e-01  1.50999e-03  1.93044e-01
 3.69207e-01  9.98184e-01  1.06904e-02  1.79513e-01  1.23854e-03  1.98095e-01
 3.85553e-01  9.98347e-01  9.31960e-03  1.50855e-01  1.01417e-03  2.02942e-01
 4.02623e-01  9.98496e-01  8.12418e-03  1.26039e-01  8.29056e-04  2.07566e-01
 4.20448e-01  9.98631e-01  7.08180e-03  1.04669e-01  6.76616e-04  2.11952e-01
 4.39063e-01  9.98754e-01  6.17292e-03  8.63736e-02  5.51313e-04  2.16087e-01
 4.58502e-01  9.98866e-01  5.38049e-03  7.08071e-02  4.48504e-04  2.19960e-01
 4.78802e-01  9.98968e-01  4.68965e-03  5.76473e-02  3.64307e-04  2.23563e-01
 5.00000e-01  9.99061e-01  4.08738e-03  4.65966e-02  2.95477e-04  2.26892e-01
 5.22137e-01  9.99145e-01  3.56237e-03  3.73822e-02  2.39308e-04  2.29945e-01
 5.45254e-01  9.99222e-01  3.10472e-03  2.97556e-02  1.93551e-04  2.32724e-01
 5.69394e-01  9.99292e-01  2.70580e-03  2.34915e-02  1.56338e-04  2.35233e-01
 5.94604e-01  9.99356e-01  2.35809e-03  1.83882e-02  1.26125e-04  2.37480e-01
 6.20929e-01  9.99414e-01  2.05503e-03  1.42655e-02  1.01634e-04  2.39475e-01
 6.48420e-01  9.99467e-01  1.79088e-03  1.09643e-02  8.18102e-05  2.41229e-01
 6.77128e-01  9.99515e-01  1.56067e-03  8.34538e-03  6.57878e-05  2.42759e-01
 7.07107e-01  9.99558e-01  1.36003e-03  6.28772e-03  5.28554e-05  2.44078e-01
 7.38413e-01  9.99598e-01  1.18517e-03  4.68735e-03  4.24303e-05  2.45205e-01
 7.71105e-01  9.99634e-01  1.03278e-03  3.45576e-03  3.40363e-05  2.46158e-01
 8.05246e-01  9.99667e-01  8.99970e-04  2.51842e-03  2.72848e-05  2.46954e-01
 8.40897e-01  9.99697e-01  7.84236e-04  1.81327e-03  2.18601e-05  2.47611e-01
 8.78126e-01  9.99725e-01  6.83378e-04  1.28917e-03  1.75052e-05  2.48147e-01
 9.17004e-01  9.99749e-01  5.95487e-04  9.04547e-04  1.40118e-05  2.48580e-01
 9.57603e-01  9.99772e-01  5.18896e-04  6.25994e-04  1.12115e-05  2.48924e-01
 1.00000e+00  9.99793e-01  4.52154e-04  4.27036e-04  8.96815e-06  2.49194e-01
 1.04427e+00  9.99811e-01  3.93993e-04  2.86969e-04  7.17187e-06  2.49402e-01
 1.09051e+00  9.99828e-01  3.43312e-04  1.89844e-04  5.73423e-06  2.49562e-01
 1.13879e+00  9.99844e-01  2.99149e-04  1.23550e-04  4.58402e-06  2.49682e-01
 1.18921e+00  9.99858e-01  2.60666e-04  7.90430e-05  3.66406e-06  2.49770e-01
 1.24186e+00  9.99871e-01  2.27132e-04  4.96739e-05  2.92843e-06  2.49835e-01
 1.29684e+00  9.99882e-01  1.97911e-04  3.06400e-05  2.34031e-06  2.49882e-01
 1.35426e+00  9.99893e-01  1.72449e-04  1.85351e-05  1.87020e-06  2.49915e-01
 1.41421e+00  9.99902e-01  1.50263e-04  1.09868e-05  1.49447e-06  2.49938e-01
 1.47683e+00  9.99911e-01  1.30931e-04  6.37561e-06  1.19418e-06  2.49954e-01
 1.54221e+00  9.99919e-01  1.14085e-04  3.61861e-06  9.54216e-07  2.49965e-01
 1.61049e+00  9.99927e-01  9.94069e-05  2.00680e-06  7.62457e-07  2.49973e-01
 1.68179e+00  9.99933e-01  8.66169e-05  1.08633e-06  6.09227e-07  2.49978e-01
 1.75625e+00  9.99939e-01  7.54724e-05  5.73394e-07  4.86787e-07  2.49982e-01
 1.83401e+00  9.99945e-01  6.57616e-05  2.94774e-07  3.88953e-07  2.49984e-01
 1.91521e+00  9.99950e-01  5.73002e-05  1.47423e-07  3.10781e-07  2.49986e-01
 2.00000e+00  9.99954e-01  4.99275e-05  7.16394e-08  2.48319e-07  2.49988e-01
 2.08855e+00  9.99958e-01  4.35032e-05  3.37821e-08  1.98409e-07  2.49989e-01
 2.18102e+00  9.99962e-01  3.79056e-05  1.54386e-08  1.58531e-07  2.49990e-01
 2.27758e+00  9.99965e-01  3.30282e-05  6.82819e-09  1.26668e-07  2.49991e-01
 2.37841e+00  9.99969e-01  2.87784e-05  2.91844e-09  1.01209e-07  2.49992e-01
 2.48372e+00  9.99971e-01  2.50753e-05  1.20360e-09  8.08674e-08  2.49993e-01
 2.59368e+00  9.99974e-01  2.18488e-05  4.78210e-10  6.46138e-08  2.49994e-01
 2.70851e+00  9.99976e-01  1.90374e-05  1.82742e-10  5.16270e-08  2.49994e-01
 2.82843e+00  9.99978e-01  1.65878e-05  6.70495e-11  4.12504e-08  2.49995e-01
 2.95365e+00  9.99980e-01  1.44533e-05  2.35780e-11  3.29594e-08  2.49995e-01
 3.08442e+00  9.99982e-01  1.25935e-05  7.93149e-12  2.63348e-08  2.49996e-01
 3.22098e+00  9.99984e-01  1.09730e-05  2.54728e-12  2.10416e-08  2.49996e-01
 3.36359e+00  9.99985e-01  9.56100e-06  7.79477e-13  1.68123e-08  2.49996e-01
 3.51251e+00  9.99987e-01  8.33072e-06  2.26774e-13  1.34332e-08  2.49997e-01
 3.66802e+00  9.99988e-01  7.25874e-06  6.25860e-14  1.07332e-08  2.49997e-01
 3.83041e+00  9.99989e-01  6.32469e-06  1.63471e-14  8.57587e-09  2.49997e-01
 4.00000e+00  9.99990e-01  5.51084e-06  4.03109e-15  6.85217e-09  2.49997e-01
 4.17709e+00  9.99991e-01  4.80171e-06  9.36090e-16  5.47492e-09  2.49998e-01
 4.36203e+00  9.99992e-01  4.18383e-06  2.04161e-16  4.37449e-09  2.49998e-01
 4.55515e+00  9.99992e-01  3.64546e-06  4.17042e-17  3.49523e-09  2.49998e-01
 4.75683e+00  9.99993e-01  3.17636e-06  7.95574e-18  2.79271e-09  2.49998e-01
 4.96743e+00  9.99994e-01  2.76763e-06  1.41306e-18  2.23139e-09  2.49998e-01
 5.18736e+00  9.99994e-01  2.41148e-06  2.32929e-19  1.78288e-09  2.49999e-01
 5.41702e+00  9.99995e-01  2.10117e-06  3.55204e-20  1.42453e-09  2.49999e-01
 5.65686e+00  9.99995e-01  1.83080e-06  4.99348e-21  1.13820e-09  2.49999e-01
 5.90731e+00  9.99996e-01  1.59521e-06  6.44817e-22  9.09429e-10  2.49999e-01
 6.16884e+00  9.99996e-01  1.38994e-06  7.61985e-23  7.26637e-10  2.49999e-01
 6.44196e+00  9.99996e-01  1.21108e-06  8.20776e-24  5.80586e-10  2.49999e-01
 6.72717e+00  9.99997e-01  1.05524e-06  8.02584e-25  4.63890e-10  2.49999e-01
 7.02501e+00  9.99997e-01  9.19448e-07  7.09393e-26  3.70650e-10  2.49999e-01
 7.33603e+00  9.99997e-01  8.01133e-07  5.64245e-27  2.96150e-10  2.49999e-01
 7.66082e+00  9.99998e-01  6.98042e-07  4.01983e-28  2.36625e-10  2.49999e-01
 8.00000e+00  9.99998e-01  6.08218e-07  2.55262e-29  1.89064e-10  2.49999e-01
 8.35419e+00  9.99998e-01  5.29950e-07  1.43735e-30  1.51062e-10  2.49999e-01
 8.72406e+00  9.99998e-01  4.61756e-07  7.13978e-32  1.20699e-10  2.50000e-01
 9.11031e+00  9.99998e-01  4.02336e-07  3.11109e-33  9.64391e-11  2.50000e-01
 9.51366e+00  9.99998e-01  3.50563e-07  1.18230e-34  7.70551e-11  2.50000e-01
 9.93486e+00  9.99999e-01  3.05453e-07  3.89491e-36  6.15673e-11  2.50000e-01
 1.03747e+01  9.99999e-01  2.66147e-07  1.10530e-37  4.91925e-11  2.50000e-01
 1.08340e+01  9.99999e-01  2.31899e-07  2.68409e-39  3.93049e-11  2.50000e-01
 1.13137e+01  9.99999e-01  2.02058e-07  5.53947e-41  3.14048e-11  2.50000e-01
 1.18146e+01  9.99999e-01  1.76057e-07  9.64093e-43  2.50925e-11  2.50000e-01
 1.23377e+01  9.99999e-01  1.53401e-07  1.40130e-44  2.00490e-11  2.50000e-01
 1.28839e+01  9.99999e-01  1.33662e-07  0.00000e+00  1.60192e-11  2.50000e-01
 1.34543e+01  9.99999e-01  1.16461e-07  0.00000e+00  1.27993e-11  2.50000e-01
 1.40500e+01  9.99999e-01  1.01475e-07  0.00000e+00  1.02267e-11  2.50000e-01
 1.46721e+01  9.99999e-01  8.84171e-08  0.00000e+00  8.17116e-12  2.50000e-01
 1.53217e+01  9.99999e-01  7.70395e-08  0.00000e+00  6.52878e-12  2.50000e-01
 1.60000e+01  1.00000e+00  6.71260e-08  0.00000e+00  5.21652e-12  2.50000e-01
